 10CS004	Aditi Malik	93	98	96	100	100	96	583	97.6
10CS040	Gracia Michelle G	91	98	98	88	100	100	575	100.0
10CS044	Indhumadhi S	88	90	74	88	100	88	528	100.0
10CS018	Bhawana Lohani	81	99	92	90	60	93	515	100.0
10CS041	Heena Perveen	72	99	94	74	80	94	513	100.0
10CS026	Divya V J	96	95	68	76	84	91	510	100.0
10CS046	Janany T N	87	94	90	74	58	91	494	95.8
10CS061	Logeshwari V	86	97	88	74	58	76	479	100.0
10CS051	Karthik.N	70	78	84	82	78	86	478	95.8
10CS017	Balasubramanian T	91	76	86	68	74	79	474	100.0
10CS043	Humaira Farheen M	74	83	96	68	58	92	471	100.0
10CS052	Karthika K	93	88	70	76	50	84	461	100.0
10CS016	Balaji. J	92	82	84	52	60	86	456	100.0
10CS009	Anusiya S	83	86	86	76	54	63	448	100.0
10CS053	Kavudhami P	89	83	66	78	54	78	448	100.0
10CS054	Keertana.P	75	86	86	84	50	62	443	87.5
10CS020	Chanakyan P	82	61	92	58	58	87	438	95.8
10CS024	Dhanalakshmi A	82	86	84	72	50	62	436	100.0
10CS060	Logeshwari S	58	94	80	76	50	78	436	100.0
10CS042	Heera R	79	78	50	82	50	96	435	100.0
10CS048	Joel George Babu	65	76	86	56	76	71	430	100.0
10CS002	Abhinaya Narasimhan	75	79	60	72	32	81	399	100.0
10CS045	Jacquelin Jacintha J	66	92	64	56	50	68	396	95.8
10CS035	Gayathri B	76	82	50	86	36	60	390	100.0
10CS013	Ashwini.R	52	90	56	86	40	65	389	100.0
10CS012	Ashwin M	80	88	64	54	44	54	384	100.0
10CS038	Gopinath E	68	82	40	74	34	75	373	95.8
10CS010	Archana Singh	55	87	86	20	60	59	367	100.0
10CS008	Amit Kumar	74	42	94	50	40	65	365	69.0
10CS031	Evangeline Danima Ashiki J	55	70	60	42	84	52	363	95.8
10CS011	Arunprakash.A	63	80	72	52	28	66	361	100.0
10CS047	Jobsan Mathew Jose	74	74	68	52	34	39	341	97.6
10CS027	Diwakar.M	63	53	54	44	58	68	340	100.0
10CS007	Akshayaa A P	63	73	70	0	50	69	325	92.8
10CS019	Bhuvaneswari.S.K	70	64	50	54	52	33	323	91.7
10CS037	Giridharsan.S	83	74	0	76	20	70	323	95.8
10CS023	Devesh Singh	45	58	80	34	34	58	309	98.2
10CS055	Ken Isaac.D	52	53	76	64	56	0	301	100.0
10CS025	Dhivya.J	74	66	64	44	52	0	300	88.1
10CS056	Kirthika.J	55	64	44	60	26	43	292	100.0
10CS015	Balaji E V R	54	52	60	64	0	59	289	88.1
10CS059	Lavanya.A.L	51	80	56	8	60	26	281	100.0
10CS021	Daniel Telem	65	71	68	18	4	50	276	95.8
10CS049	Jothy Babu.B.J	69	46	48	28	32	52	275	93.4
10CS050	Kamaludin.R	53	46	70	20	34	48	271	100.0
10CS006	Ajmana Afrin.A	55	55	50	50	50	0	260	95.8
10CS058	Lavanya S G	0	60	46	28	56	63	253	95.8
10CS014	Bakyalakshmi M	53	62	14	52	40	23	244	100.0
10CS029	Elakiya S	58	70	0	50	58	0	236	91.7
10CS036	Geetha.A	44	40	44	16	44	38	226	100.0
10CS057	Kumaran K	61	62	50	0	18	33	224	85.7
10CS022	David Sharma.B	36	34	52	10	66	16	214	88.7
10CS032	Ezra Adityan.S	55	34	64	30	0	28	211	87.5
10CS028	Earnestine Jemimah.E	52	58	32	12	12	42	208	95.8
10CS030	Elavarasan A P	23	42	38	14	14	71	202	89.9
10CS039	Goutham Nagaraj M	29	56	38	50	0	26	199	89.3
10CS005	Ajay A	31	31	18	40	36	13	169	99.4
10CS034	Gandhi P	17	15	20	14	44	2	112	91.7
10CS033	Franklin Vinod Valentine.P	10	28	18	16	4	24	100	100.0
10CS0123	Aravind Rajkumar	0	30	52	0	18	0	100	72.3
10CS001	Aashika.R	0	0	0	0	8	0	8	79.2
10CS003	Abishek R	0	0	0	0	0	0	0	2.0
